[gd_scene load_steps=56 format=3 uid="uid://b2n4oo04jux0t"]

[ext_resource type="Script" path="res://Mods/Scripts/ModTrack.gd" id="1_seqqr"]
[ext_resource type="PackedScene" uid="uid://c7d7wtb3lm6hn" path="res://Mods/Placeholders/mod_car_spawn.tscn" id="2_05dne"]
[ext_resource type="Script" path="res://Mods/Scripts/ModRaceSettings.gd" id="2_rx4va"]
[ext_resource type="Script" path="res://Mods/Scripts/ModCarClassSetting.gd" id="3_2napl"]
[ext_resource type="PackedScene" uid="uid://btshuvgc5p0v0" path="res://Mods/Placeholders/mod_checkpoint.tscn" id="3_7qbpy"]
[ext_resource type="Script" path="res://Mods/Scripts/ModTrackPath.gd" id="4_h316e"]
[ext_resource type="Material" uid="uid://budvf3w2bjk2w" path="res://Mods/Placeholders/Materials/track_path.tres" id="5_6qukl"]
[ext_resource type="PackedScene" uid="uid://cu0mwqn0aqh5x" path="res://Mods/Placeholders/mod_track_path_point.tscn" id="6_bv4sn"]
[ext_resource type="Script" path="res://Mods/Scripts/ModCheckpointSet.gd" id="6_jmo07"]
[ext_resource type="PackedScene" uid="uid://cvsxe56hnxaa0" path="res://Mods/Placeholders/mod_trigger.tscn" id="8_nfmkb"]
[ext_resource type="PackedScene" uid="uid://cq6m734ruksda" path="res://Mods/Placeholders/mod_barrier_arrow_block.tscn" id="9_mg822"]
[ext_resource type="Script" path="res://Mods/Scripts/ModTrackPathAltRoute.gd" id="10_nijo3"]
[ext_resource type="Script" path="res://Mods/Scripts/ModReverbTrigger.gd" id="10_nn3ty"]
[ext_resource type="PackedScene" uid="uid://dq2fgy8jxkssy" path="res://Mods/Placeholders/mod_barrier_railing.tscn" id="10_vxhwc"]
[ext_resource type="Script" path="res://Mods/Scripts/ModTrackPathPoint.gd" id="11_nojb1"]
[ext_resource type="Script" path="res://Mods/Scripts/ModTrackCamera.gd" id="12_oeimf"]
[ext_resource type="PackedScene" uid="uid://dqqrq7ntnw2j8" path="res://Mods/Placeholders/mod_track_camera_previewer.tscn" id="13_fxgoo"]
[ext_resource type="PackedScene" uid="uid://nu27gmyay3un" path="res://Mods/Placeholders/mod_intro_camera.tscn" id="18_i6lae"]
[ext_resource type="PackedScene" uid="uid://dk7r5wbeya63l" path="res://Mods/walaber_underground/Tracks/underground_lot/underground-1.gltf" id="18_is6st"]
[ext_resource type="PackedScene" uid="uid://1gbrifqyfhbi" path="res://Mods/walaber_underground/Tracks/underground_lot/underground-2.gltf" id="19_ovb2o"]
[ext_resource type="PackedScene" uid="uid://djysnusdma223" path="res://Mods/walaber_underground/Tracks/underground_lot/underground-3.gltf" id="20_dh5pq"]
[ext_resource type="PackedScene" uid="uid://e82iwpt6ohm" path="res://Mods/walaber_underground/Tracks/underground_lot/underground-4.gltf" id="21_kov25"]
[ext_resource type="PackedScene" uid="uid://do5aimoi5mjfp" path="res://Mods/walaber_underground/Tracks/underground_lot/underground-5.gltf" id="22_xyqc3"]
[ext_resource type="Material" uid="uid://qekpi3abt3gl" path="res://Mods/walaber_underground/Tracks/underground_lot/underground-water.tres" id="23_uyixa"]
[ext_resource type="Script" path="res://Mods/Scripts/ModSkyboxTrigger.gd" id="24_hh38k"]

[sub_resource type="Resource" id="Resource_5y32m"]
script = ExtResource("3_2napl")
car_class = "light"
laps = 0

[sub_resource type="Resource" id="Resource_73miq"]
script = ExtResource("3_2napl")
car_class = "heavy"
laps = 0

[sub_resource type="Resource" id="Resource_sju77"]
script = ExtResource("3_2napl")
car_class = "ultra"
laps = 0

[sub_resource type="Resource" id="Resource_2hlki"]
script = ExtResource("3_2napl")
car_class = "cheat"
laps = 0

[sub_resource type="ImmediateMesh" id="ImmediateMesh_srpmm"]

[sub_resource type="ImmediateMesh" id="ImmediateMesh_supjo"]

[sub_resource type="ImmediateMesh" id="ImmediateMesh_4ou7x"]

[sub_resource type="ImmediateMesh" id="ImmediateMesh_atdwr"]

[sub_resource type="BoxMesh" id="BoxMesh_5m8ao"]
size = Vector3(50, 20, 150)

[sub_resource type="BoxMesh" id="BoxMesh_a0e0l"]
size = Vector3(100, 20, 150)

[sub_resource type="BoxMesh" id="BoxMesh_qiyse"]
size = Vector3(100, 20, 50)

[sub_resource type="BoxMesh" id="BoxMesh_yaiwd"]
size = Vector3(100, 20, 300)

[sub_resource type="BoxMesh" id="BoxMesh_oem1k"]
size = Vector3(75, 25, 75)

[sub_resource type="BoxMesh" id="BoxMesh_00dn5"]
size = Vector3(75, 25, 75)

[sub_resource type="BoxMesh" id="BoxMesh_yiya5"]
size = Vector3(75, 25, 75)

[sub_resource type="BoxMesh" id="BoxMesh_210pa"]
size = Vector3(75, 25, 75)

[sub_resource type="BoxMesh" id="BoxMesh_b30jx"]
size = Vector3(75, 25, 200)

[sub_resource type="BoxMesh" id="BoxMesh_ebvu3"]
size = Vector3(8, 8, 8)

[sub_resource type="PlaneMesh" id="PlaneMesh_af81u"]
size = Vector2(120, 254.4)
subdivide_width = 30
subdivide_depth = 75

[sub_resource type="Gradient" id="Gradient_roam2"]
interpolation_mode = 1
colors = PackedColorArray(0.237686, 0.186299, 0.150952, 1, 1, 1, 1, 1)

[sub_resource type="GradientTexture1D" id="GradientTexture1D_1bug7"]
gradient = SubResource("Gradient_roam2")
width = 64

[sub_resource type="BoxMesh" id="BoxMesh_kt8ea"]
size = Vector3(9.43, 14.185, 2)

[sub_resource type="Gradient" id="Gradient_pgx7h"]
interpolation_mode = 1
colors = PackedColorArray(0.152941, 0, 0, 1, 1, 1, 1, 1)

[sub_resource type="GradientTexture1D" id="GradientTexture1D_llnl0"]
gradient = SubResource("Gradient_pgx7h")
width = 64

[sub_resource type="BoxMesh" id="BoxMesh_sjsbj"]
size = Vector3(14.545, 14.185, 2)

[sub_resource type="Gradient" id="Gradient_uqwfl"]
colors = PackedColorArray(0.188235, 0.392157, 0.384314, 1, 2.0359e-05, 0, 0.00745202, 1)

[sub_resource type="GradientTexture2D" id="GradientTexture2D_tu8p6"]
gradient = SubResource("Gradient_uqwfl")
fill_from = Vector2(0.538462, 0.884615)
fill_to = Vector2(0.508547, 0.260684)

[sub_resource type="BoxMesh" id="BoxMesh_2i08i"]
size = Vector3(14.545, 14.185, 2)

[sub_resource type="BoxMesh" id="BoxMesh_y48ry"]
size = Vector3(31.78, 27.755, 2)

[sub_resource type="BoxMesh" id="BoxMesh_ikp2v"]
size = Vector3(31.78, 27.755, 2)

[node name="TrackUndergroundLot" type="Node3D"]
script = ExtResource("1_seqqr")

[node name="RaceSettings" type="Node" parent="."]
unique_name_in_owner = true
script = ExtResource("2_rx4va")
per_car_class_settings = Array[ExtResource("3_2napl")]([SubResource("Resource_5y32m"), SubResource("Resource_73miq"), SubResource("Resource_sju77"), SubResource("Resource_2hlki")])

[node name="CarSpawn" parent="." instance=ExtResource("2_05dne")]
unique_name_in_owner = true
transform = Transform3D(1.31134e-07, 0, -1, 0, 1, 0, 1, 0, 1.31134e-07, -42, 0.5, -136)

[node name="Checkpoints" type="Node3D" parent="."]
unique_name_in_owner = true

[node name="checkpoint" parent="Checkpoints" instance=ExtResource("3_7qbpy")]
transform = Transform3D(1.31134e-07, 0, -1, 0, 1, 0, 1, 0, 1.31134e-07, -30, 0, -141)
size = Vector2(10, 5)

[node name="checkpoint2" parent="Checkpoints" instance=ExtResource("3_7qbpy")]
transform = Transform3D(-1, 0, 8.9407e-08, 0, 1, 0, -8.9407e-08, 0, -1, -14, -19, -21)
size = Vector2(8, 5)

[node name="checkpoint3" parent="Checkpoints" instance=ExtResource("3_7qbpy")]
transform = Transform3D(-1, 0, 8.9407e-08, 0, 1, 0, -8.9407e-08, 0, -1, -47, -19, 14)
size = Vector2(8, 5)

[node name="checkpoint4" parent="Checkpoints" instance=ExtResource("3_7qbpy")]
transform = Transform3D(-1, 0, 8.9407e-08, 0, 1, 0, -8.9407e-08, 0, -1, 18, -19, 61)
size = Vector2(8, 5)

[node name="checkpoint5" parent="Checkpoints" instance=ExtResource("3_7qbpy")]
transform = Transform3D(-1, 0, 8.9407e-08, 0, 1, 0, -8.9407e-08, 0, -1, -46, -19, 134)
size = Vector2(8, 5)

[node name="checkpoint6" parent="Checkpoints" instance=ExtResource("3_7qbpy")]
transform = Transform3D(-4.56956e-08, 0, -1, 0, 1, 0, 1, 0, -4.56956e-08, 81.641, -19, 118.498)
size = Vector2(8, 5)

[node name="checkpoint7" parent="Checkpoints" instance=ExtResource("3_7qbpy")]
transform = Transform3D(-1, 0, 8.9407e-08, 0, 1, 0, -8.9407e-08, 0, -1, 272, -80, 182)
size = Vector2(22, 33.085)

[node name="checkpoint8-set" type="Node3D" parent="Checkpoints"]
script = ExtResource("6_jmo07")

[node name="checkpoint8a" parent="Checkpoints/checkpoint8-set" instance=ExtResource("3_7qbpy")]
transform = Transform3D(-1, 0, -8.74228e-08, 0, 1, 0, 8.74228e-08, 0, -1, 191.253, -88.1203, 268.154)
size = Vector2(5, 5)

[node name="checkpoint8b" parent="Checkpoints/checkpoint8-set" instance=ExtResource("3_7qbpy")]
transform = Transform3D(-0.77719, 0, -0.629266, 0, 1, 0, 0.629266, 0, -0.77719, 342.783, -56.1203, 209.437)
size = Vector2(8, 5)

[node name="checkpoint9-set" type="Node3D" parent="Checkpoints"]
script = ExtResource("6_jmo07")

[node name="checkpoint9a" parent="Checkpoints/checkpoint9-set" instance=ExtResource("3_7qbpy")]
transform = Transform3D(-1, 0, -8.74228e-08, 0, 1, 0, 8.74228e-08, 0, -1, 231.253, -88.1203, 292.154)
size = Vector2(5, 5)

[node name="checkpoint9b" parent="Checkpoints/checkpoint9-set" instance=ExtResource("3_7qbpy")]
transform = Transform3D(-0.941247, 0, -0.33772, 0, 1, 0, 0.33772, 0, -0.941247, 362.803, -64.1203, 261.564)
size = Vector2(8, 5)

[node name="checkpoint10-set" type="Node3D" parent="Checkpoints"]
script = ExtResource("6_jmo07")

[node name="checkpoint10a" parent="Checkpoints/checkpoint10-set" instance=ExtResource("3_7qbpy")]
transform = Transform3D(-1, 0, -8.74228e-08, 0, 1, 0, 8.74228e-08, 0, -1, 192.253, -88.1203, 316.154)
size = Vector2(5, 5)

[node name="checkpoint10b" parent="Checkpoints/checkpoint10-set" instance=ExtResource("3_7qbpy")]
transform = Transform3D(-0.952741, 0, -0.303784, 0, 1, 0, 0.303784, 0, -0.952741, 374.207, -72.1203, 301.743)
size = Vector2(8, 5)

[node name="checkpoint11" parent="Checkpoints" instance=ExtResource("3_7qbpy")]
transform = Transform3D(-4.56956e-08, 0, -1, 0, 1, 0, 1, 0, -4.56956e-08, 416.796, -80, 340.946)
size = Vector2(6, 5)

[node name="checkpoint12-set" type="Node3D" parent="Checkpoints"]
script = ExtResource("6_jmo07")

[node name="checkpoint10a" parent="Checkpoints/checkpoint12-set" instance=ExtResource("3_7qbpy")]
transform = Transform3D(-1, 0, -8.74228e-08, 0, 1, 0, 8.74228e-08, 0, -1, 488.632, -80.1203, 411.982)
size = Vector2(8, 5)

[node name="checkpoint10b" parent="Checkpoints/checkpoint12-set" instance=ExtResource("3_7qbpy")]
transform = Transform3D(-1, 0, -8.74228e-08, 0, 1, 0, 8.74228e-08, 0, -1, 537, -80, 397)
size = Vector2(8, 5)

[node name="checkpoint13" parent="Checkpoints" instance=ExtResource("3_7qbpy")]
transform = Transform3D(-4.56956e-08, 0, -1, 0, 1, 0, 1, 0, -4.56956e-08, 584.762, -80, 460.852)
size = Vector2(6, 5)

[node name="checkpoint14" parent="Checkpoints" instance=ExtResource("3_7qbpy")]
transform = Transform3D(-1, 0, 8.9407e-08, 0, 1, 0, -8.9407e-08, 0, -1, 737.762, -128, 493.852)
size = Vector2(10, 5)

[node name="TrackPath" type="MeshInstance3D" parent="."]
unique_name_in_owner = true
transform = Transform3D(1, 0, 0, 0, 1, 0, 0, 0, 1, 0, 0.14903, 0)
mesh = SubResource("ImmediateMesh_srpmm")
script = ExtResource("4_h316e")
material = ExtResource("5_6qukl")
bezier_handle_length = 8.0
vert_spacing = 1.0
race_is_point_to_point = true

[node name="track_path_point" parent="TrackPath" instance=ExtResource("6_bv4sn")]
transform = Transform3D(-4.37114e-08, 0, 1, 0, 1, 0, -1, 0, -4.37114e-08, -30, 0, -136)

[node name="track_path_point2" parent="TrackPath" instance=ExtResource("6_bv4sn")]
transform = Transform3D(-4.37114e-08, 0, 1, 0, 1, 0, -1, 0, -4.37114e-08, -15, 0, -136)

[node name="track_path_point3" parent="TrackPath" instance=ExtResource("6_bv4sn")]
transform = Transform3D(1, 0, 1.06581e-14, 0, 1, 0, -1.06581e-14, 0, 1, -4.00001, 0, -123)

[node name="track_path_point4" parent="TrackPath" instance=ExtResource("6_bv4sn")]
transform = Transform3D(1, 0, 1.74846e-07, 0, 1, 0, -1.74846e-07, 0, 1, -4.00001, -3, -108)

[node name="track_path_point5" parent="TrackPath" instance=ExtResource("6_bv4sn")]
transform = Transform3D(-2.18557e-07, 0.267306, 0.963612, 0, 0.963612, -0.267306, -1, -5.84215e-08, -2.10604e-07, 2.836, -4.59118, -100)

[node name="track_path_point6" parent="TrackPath" instance=ExtResource("6_bv4sn")]
transform = Transform3D(-2.18557e-07, 0.202958, 0.979187, 0, 0.979187, -0.202958, -1, -4.43579e-08, -2.14008e-07, 14, -7, -100)

[node name="track_path_point7" parent="TrackPath" instance=ExtResource("6_bv4sn")]
transform = Transform3D(1, 0, 1.74846e-07, 0, 1, 0, -1.74846e-07, 0, 1, 20, -8, -90)

[node name="track_path_point8" parent="TrackPath" instance=ExtResource("6_bv4sn")]
transform = Transform3D(1, 4.75072e-08, 1.68268e-07, 0, 0.962379, -0.271709, -1.74846e-07, 0.271709, 0.962379, 20, -11.1547, -75.4291)

[node name="track_path_point9" parent="TrackPath" instance=ExtResource("6_bv4sn")]
transform = Transform3D(1.31134e-07, 0, -1, 0, 1, 0, 1, 0, 1.31134e-07, 13, -12, -68)

[node name="track_path_point10" parent="TrackPath" instance=ExtResource("6_bv4sn")]
transform = Transform3D(0.477374, 0, -0.8787, 0, 1, 0, 0.8787, 0, 0.477374, -1.03539, -13.6297, -65.1992)

[node name="track_path_point11" parent="TrackPath" instance=ExtResource("6_bv4sn")]
transform = Transform3D(0.920437, 0, -0.390892, 0, 1, 0, 0.390892, 0, 0.920437, -14.4628, -17.8956, -52.1865)

[node name="track_path_point12" parent="TrackPath" instance=ExtResource("6_bv4sn")]
transform = Transform3D(1, 0, 1.78814e-07, 0, 1, 0, -1.78814e-07, 0, 1, -18.7701, -19, -31.8853)

[node name="track_path_point13" parent="TrackPath" instance=ExtResource("6_bv4sn")]
transform = Transform3D(1, 0, 1.78814e-07, 0, 1, 0, -1.78814e-07, 0, 1, -18.7701, -19, -18.8853)

[node name="track_path_point14" parent="TrackPath" instance=ExtResource("6_bv4sn")]
transform = Transform3D(1, 0, 1.78814e-07, 0, 1, 0, -1.78814e-07, 0, 1, -53.7701, -19, 14.1147)

[node name="track_path_point15" parent="TrackPath" instance=ExtResource("6_bv4sn")]
transform = Transform3D(1, 0, 1.78814e-07, 0, 1, 0, -1.78814e-07, 0, 1, 14.2299, -19, 61.1147)

[node name="track_path_point16" parent="TrackPath" instance=ExtResource("6_bv4sn")]
transform = Transform3D(1, 0, 1.78814e-07, 0, 1, 0, -1.78814e-07, 0, 1, -51.7701, -19, 134.115)

[node name="track_path_point17" parent="TrackPath" instance=ExtResource("6_bv4sn")]
transform = Transform3D(-2.22525e-07, 0, 1, 0, 1, 0, -1, 0, -2.22525e-07, -40.7701, -19, 148.115)

[node name="track_path_point18" parent="TrackPath" instance=ExtResource("6_bv4sn")]
transform = Transform3D(-2.22525e-07, 0, 1, 0, 1, 0, -1, 0, -2.22525e-07, 56.2299, -19, 122.115)

[node name="track_path_point19" parent="TrackPath" instance=ExtResource("6_bv4sn")]
transform = Transform3D(-2.22525e-07, 0, 1, 0, 1, 0, -1, 0, -2.22525e-07, 113.23, -19, 122.115)

[node name="track_path_point20" parent="TrackPath" instance=ExtResource("6_bv4sn")]
transform = Transform3D(-0.275923, 0.100938, 0.955865, 0, 0.994471, -0.105014, -0.96118, -0.0289759, -0.274397, 137.224, -22.3368, 120.467)

[node name="track_path_point21" parent="TrackPath" instance=ExtResource("6_bv4sn")]
transform = Transform3D(-0.774205, 0.0817055, 0.627639, 0, 0.991633, -0.12909, -0.632935, -0.099942, -0.767727, 162.235, -27, 105.722)

[node name="track_path_point22" parent="TrackPath" instance=ExtResource("6_bv4sn")]
transform = Transform3D(-0.973399, 0.0307656, 0.22704, 0, 0.990943, -0.13428, -0.229115, -0.130708, -0.964584, 175.213, -31.3257, 80.2675)

[node name="track_path_point23" parent="TrackPath" instance=ExtResource("6_bv4sn")]
transform = Transform3D(-0.856858, 0.122584, 0.500766, -0.0411827, 0.951942, -0.303497, -0.513904, -0.280677, -0.810631, 180.269, -40.176, 53.5626)

[node name="track_path_point24" parent="TrackPath" instance=ExtResource("6_bv4sn")]
transform = Transform3D(-0.156129, 0.250032, 0.955567, -0.260791, 0.922666, -0.284033, -0.952686, -0.29355, -0.0788487, 204.579, -52.2361, 31.9368)

[node name="track_path_point25" parent="TrackPath" instance=ExtResource("6_bv4sn")]
transform = Transform3D(0.422033, 0.339831, 0.840478, 0, 0.927086, -0.374849, -0.90658, 0.158199, 0.391261, 232.315, -62.0285, 32.0677)

[node name="track_path_point26" parent="TrackPath" instance=ExtResource("6_bv4sn")]
transform = Transform3D(0.920138, 0.355143, 0.164982, -0.29294, 0.903846, -0.311847, -0.259869, 0.238613, 0.935699, 259.027, -76.1231, 57.2856)

[node name="track_path_point27" parent="TrackPath" instance=ExtResource("6_bv4sn")]
transform = Transform3D(1, 0, 0, 0, 1, 0, 0, 0, 1, 260.845, -84.1291, 88.1418)

[node name="track_path_point28" parent="TrackPath" instance=ExtResource("6_bv4sn")]
transform = Transform3D(1, 0, 0, 0, 1, 0, 0, 0, 1, 260.845, -80.2217, 172.142)

[node name="track_path_point29" parent="TrackPath" instance=ExtResource("6_bv4sn")]
transform = Transform3D(1, 0, 0, 0, 1, 0, 0, 0, 1, 268.845, -80.2217, 196.142)

[node name="track_path_point30" parent="TrackPath" instance=ExtResource("6_bv4sn")]
transform = Transform3D(0.707107, 0, 0.707107, 0, 1, 0, -0.707107, 0, 0.707107, 273.845, -72.2217, 220.142)

[node name="track_path_point31" parent="TrackPath" instance=ExtResource("6_bv4sn")]
transform = Transform3D(-0.866025, 0, 0.5, 0, 1, 0, -0.5, 0, -0.866025, 297.41, -63.2217, 219.349)

[node name="track_path_point32" parent="TrackPath" instance=ExtResource("6_bv4sn")]
transform = Transform3D(-0.866025, 0, 0.5, 0, 1, 0, -0.5, 0, -0.866025, 304.214, -56.2217, 195.564)

[node name="track_path_point33" parent="TrackPath" instance=ExtResource("6_bv4sn")]
transform = Transform3D(0.707107, 0, 0.707107, 0, 1, 0, -0.707107, 0, 0.707107, 325.271, -56.0507, 198.094)

[node name="track_path_point34" parent="TrackPath" instance=ExtResource("6_bv4sn")]
transform = Transform3D(0.965926, 0, 0.258819, 0, 1, 0, -0.258819, 0, 0.965926, 348.606, -56.0507, 225.671)

[node name="track_path_point35" parent="TrackPath" instance=ExtResource("6_bv4sn")]
transform = Transform3D(0.965926, 0, 0.258819, 0, 1, 0, -0.258819, 0, 0.965926, 374.746, -80.0507, 323.229)

[node name="track_path_point36" parent="TrackPath" instance=ExtResource("6_bv4sn")]
transform = Transform3D(5.96046e-08, 0, 1, 0, 1, 0, -1, 0, 5.96046e-08, 408.726, -80.0507, 344.04)

[node name="track_path_point37" parent="TrackPath" instance=ExtResource("6_bv4sn")]
transform = Transform3D(5.96046e-08, 0, 1, 0, 1, 0, -1, 0, 5.96046e-08, 434.726, -80.0507, 344.04)

[node name="track_path_point38" parent="TrackPath" instance=ExtResource("6_bv4sn")]
transform = Transform3D(5.96046e-08, 0, 1, 0, 1, 0, -1, 0, 5.96046e-08, 456.726, -80.0507, 326.04)

[node name="track_path_point39" parent="TrackPath" instance=ExtResource("6_bv4sn")]
transform = Transform3D(5.96046e-08, 0, 1, 0, 1, 0, -1, 0, 5.96046e-08, 512.726, -80.0507, 326.04)

[node name="track_path_point40" parent="TrackPath" instance=ExtResource("6_bv4sn")]
transform = Transform3D(1, 0, -1.03316e-07, 0, 1, 0, 1.03316e-07, 0, 1, 532.726, -80.0507, 340.04)

[node name="track_path_point41" parent="TrackPath" instance=ExtResource("6_bv4sn")]
transform = Transform3D(1, 0, -1.03316e-07, 0, 1, 0, 1.03316e-07, 0, 1, 532.726, -80.0507, 446.04)

[node name="track_path_point42" parent="TrackPath" instance=ExtResource("6_bv4sn")]
transform = Transform3D(5.96046e-08, 0, 1, 0, 1, 0, -1, 0, 5.96046e-08, 551.726, -80.0507, 463.04)

[node name="track_path_point43" parent="TrackPath" instance=ExtResource("6_bv4sn")]
transform = Transform3D(5.96046e-08, 0, 1, 0, 1, 0, -1, 0, 5.96046e-08, 592.726, -80.0507, 463.04)

[node name="track_path_point44" parent="TrackPath" instance=ExtResource("6_bv4sn")]
transform = Transform3D(5.96046e-08, 0.18769, 0.982228, 8.88178e-16, 0.982228, -0.18769, -1, 1.11872e-08, 5.85454e-08, 616.726, -80.0507, 456.04)

[node name="track_path_point45" parent="TrackPath" instance=ExtResource("6_bv4sn")]
transform = Transform3D(-0.681998, 0.137042, 0.718399, 0, 0.982287, -0.187381, -0.731354, -0.127794, -0.669918, 651.382, -86.6729, 445.599)

[node name="track_path_point46" parent="TrackPath" instance=ExtResource("6_bv4sn")]
transform = Transform3D(-0.984808, 0.0262662, 0.17165, 0, 0.988494, -0.151261, -0.173648, -0.148963, -0.973476, 670.078, -90.9059, 417.617)

[node name="track_path_point47" parent="TrackPath" instance=ExtResource("6_bv4sn")]
transform = Transform3D(-0.844328, -0.059728, -0.532487, 0, 0.993768, -0.111469, 0.535827, -0.0941163, -0.839066, 665.633, -96.0463, 382.723)

[node name="track_path_point48" parent="TrackPath" instance=ExtResource("6_bv4sn")]
transform = Transform3D(-0.140901, -0.110357, -0.983853, 0, 0.993768, -0.111469, 0.990023, -0.0157061, -0.140023, 637.284, -101.918, 358.813)

[node name="track_path_point49" parent="TrackPath" instance=ExtResource("6_bv4sn")]
transform = Transform3D(0.348572, -0.104478, -0.931441, 0, 0.993768, -0.111469, 0.937282, 0.0388549, 0.3464, 601.812, -107.579, 359.1)

[node name="track_path_point50" parent="TrackPath" instance=ExtResource("6_bv4sn")]
transform = Transform3D(0.975916, -0.0356285, -0.215214, 0, 0.986572, -0.163326, 0.218143, 0.159393, 0.962812, 572.988, -114.217, 388.887)

[node name="track_path_point51" parent="TrackPath" instance=ExtResource("6_bv4sn")]
transform = Transform3D(0.804893, 0.0969207, 0.58545, 0, 0.986572, -0.163326, -0.593419, 0.13146, 0.794085, 577.295, -120.746, 431.085)

[node name="track_path_point52" parent="TrackPath" instance=ExtResource("6_bv4sn")]
transform = Transform3D(-4.37114e-08, 0, 0.999999, 0, 1, 0, -1, 0, -4.37114e-08, 616.39, -128.53, 456.179)

[node name="track_path_point53" parent="TrackPath" instance=ExtResource("6_bv4sn")]
transform = Transform3D(-4.37114e-08, 0, 0.999999, 0, 1, 0, -1, 0, -4.37114e-08, 645.39, -127.82, 464.179)

[node name="track_path_point54" parent="TrackPath" instance=ExtResource("6_bv4sn")]
transform = Transform3D(-4.37114e-08, 0, 0.999999, 0, 1, 0, -1, 0, -4.37114e-08, 715.39, -127.82, 464.179)

[node name="track_path_point55" parent="TrackPath" instance=ExtResource("6_bv4sn")]
transform = Transform3D(1, 0, 0, 0, 1, 0, 0, 0, 0.999999, 732.39, -127.82, 477.179)

[node name="track_path_point56" parent="TrackPath" instance=ExtResource("6_bv4sn")]
transform = Transform3D(1, 0, 0, 0, 1, 0, 0, 0, 0.999999, 732.39, -127.82, 494.179)

[node name="TrackPathAltRoute-1" type="MeshInstance3D" parent="."]
transform = Transform3D(1, 0, 0, 0, 1, 0, 0, 0, 1, 260.845, -80.2217, 172.142)
mesh = SubResource("ImmediateMesh_supjo")
script = ExtResource("10_nijo3")
material = ExtResource("5_6qukl")
bezier_handle_length = 8.0

[node name="ModTrackPathPoint" type="Node3D" parent="TrackPathAltRoute-1"]
script = ExtResource("11_nojb1")

[node name="ModTrackPathPoint2" type="Node3D" parent="TrackPathAltRoute-1"]
transform = Transform3D(1, 0, 0, 0, 1, 0, 0, 0, 1, -7.93951, 0, 23.9645)
script = ExtResource("11_nojb1")

[node name="ModTrackPathPoint3" type="Node3D" parent="TrackPathAltRoute-1"]
transform = Transform3D(1, 0, 0, 0, 1, 0, 0, 0, 1, -7.93951, -8, 47.9645)
script = ExtResource("11_nojb1")

[node name="ModTrackPathPoint4" type="Node3D" parent="TrackPathAltRoute-1"]
transform = Transform3D(-4.37114e-08, 0, -1, 0, 1, 0, 1, 0, -4.37114e-08, -19.9395, -7.3493, 59.9645)
script = ExtResource("11_nojb1")

[node name="ModTrackPathPoint5" type="Node3D" parent="TrackPathAltRoute-1"]
transform = Transform3D(-4.37114e-08, 0, -1, 0, 1, 0, 1, 0, -4.37114e-08, -51.9395, -7.5639, 59.9645)
script = ExtResource("11_nojb1")

[node name="ModTrackPathPoint6" type="Node3D" parent="TrackPathAltRoute-1"]
transform = Transform3D(1, 0, 0, 0, 1, 0, 0, 0, 1, -71.9395, -7.08734, 79.9645)
script = ExtResource("11_nojb1")

[node name="ModTrackPathPoint7" type="Node3D" parent="TrackPathAltRoute-1"]
transform = Transform3D(1, 0, 0, 0, 1, 0, 0, 0, 1, -71.9395, -7.08734, 95.9645)
script = ExtResource("11_nojb1")

[node name="ModTrackPathPoint8" type="Node3D" parent="TrackPathAltRoute-1"]
transform = Transform3D(-4.37114e-08, 0, 1, 0, 1, 0, -1, 0, -4.37114e-08, -51.9395, -7.08734, 106.965)
script = ExtResource("11_nojb1")

[node name="ModTrackPathPoint9" type="Node3D" parent="TrackPathAltRoute-1"]
transform = Transform3D(1, 0, 0, 0, 1, 0, 0, 0, 1, -32.1679, -7.08734, 119.965)
script = ExtResource("11_nojb1")

[node name="ModTrackPathPoint10" type="Node3D" parent="TrackPathAltRoute-1"]
transform = Transform3D(-4.37114e-08, 0, -1, 0, 1, 0, 1, 0, -4.37114e-08, -52.1679, -7.08734, 131.965)
script = ExtResource("11_nojb1")

[node name="ModTrackPathPoint11" type="Node3D" parent="TrackPathAltRoute-1"]
transform = Transform3D(1, 0, 0, 0, 1, 0, 0, 0, 1, -71.1679, -7.08734, 143.965)
script = ExtResource("11_nojb1")

[node name="ModTrackPathPoint12" type="Node3D" parent="TrackPathAltRoute-1"]
transform = Transform3D(-4.37114e-08, 0, 1, 0, 1, 0, -1, 0, -4.37114e-08, -52.1679, -7.5474, 155.51)
script = ExtResource("11_nojb1")

[node name="ModTrackPathPoint13" type="Node3D" parent="TrackPathAltRoute-1"]
transform = Transform3D(-4.37114e-08, 0, 1, 0, 1, 0, -1, 0, -4.37114e-08, -2.16791, -7.7167, 155.929)
script = ExtResource("11_nojb1")

[node name="ModTrackPathPoint14" type="Node3D" parent="TrackPathAltRoute-1"]
transform = Transform3D(-4.37114e-08, 0, 1, 0, 1, 0, -1, 0, -4.37114e-08, 19.8321, -7.7167, 139.929)
script = ExtResource("11_nojb1")

[node name="ModTrackPathPoint15" type="Node3D" parent="TrackPathAltRoute-1"]
transform = Transform3D(-4.37114e-08, 0, 1, 0, 1, 0, -1, 0, -4.37114e-08, 50.8321, 0.283302, 139.929)
script = ExtResource("11_nojb1")

[node name="ModTrackPathPoint16" type="Node3D" parent="TrackPathAltRoute-1"]
transform = Transform3D(0.574748, 0, 0.81833, 0, 1, 0, -0.81833, 0, 0.574748, 94.6, 0.283302, 157.795)
script = ExtResource("11_nojb1")

[node name="ModTrackPathPoint17" type="Node3D" parent="TrackPathAltRoute-1"]
transform = Transform3D(-4.37114e-08, 0, 1, 0, 1, 0, -1, 0, -4.37114e-08, 147.832, 0.283302, 171.929)
script = ExtResource("11_nojb1")

[node name="TrackPathAltRoute-2" type="MeshInstance3D" parent="."]
transform = Transform3D(1, 0, 0, 0, 1, 0, 0, 0, 1, 433, -80, 344)
mesh = SubResource("ImmediateMesh_4ou7x")
script = ExtResource("10_nijo3")
material = ExtResource("5_6qukl")
bezier_handle_length = 8.0

[node name="ModTrackPathPoint" type="Node3D" parent="TrackPathAltRoute-2"]
transform = Transform3D(-4.37114e-08, 0, 1, 0, 1, 0, -1, 0, -4.37114e-08, 0, 0, 0)
script = ExtResource("11_nojb1")

[node name="ModTrackPathPoint2" type="Node3D" parent="TrackPathAltRoute-2"]
transform = Transform3D(-4.37114e-08, 0, 1, 0, 1, 0, -1, 0, -4.37114e-08, 32, 0, 20)
script = ExtResource("11_nojb1")

[node name="ModTrackPathPoint3" type="Node3D" parent="TrackPathAltRoute-2"]
transform = Transform3D(1, 0, 0, 0, 1, 0, 0, 0, 1, 52, 0, 44)
script = ExtResource("11_nojb1")

[node name="ModTrackPathPoint4" type="Node3D" parent="TrackPathAltRoute-2"]
transform = Transform3D(1, 0, 0, 0, 1, 0, 0, 0, 1, 52, 0, 108)
script = ExtResource("11_nojb1")

[node name="ModTrackPathPoint5" type="Node3D" parent="TrackPathAltRoute-2"]
transform = Transform3D(-4.37114e-08, 0, 1, 0, 1, 0, -1, 0, -4.37114e-08, 72, 0, 128)
script = ExtResource("11_nojb1")

[node name="ModTrackPathPoint6" type="Node3D" parent="TrackPathAltRoute-2"]
transform = Transform3D(-4.37114e-08, 0, 1, 0, 1, 0, -1, 0, -4.37114e-08, 104, 0, 128)
script = ExtResource("11_nojb1")

[node name="ModTrackPathPoint7" type="Node3D" parent="TrackPathAltRoute-2"]
transform = Transform3D(-4.37114e-08, 0, 1, 0, 1, 0, -1, 0, -4.37114e-08, 128, 0, 119)
script = ExtResource("11_nojb1")

[node name="TrackPathAltRoute-3" type="MeshInstance3D" parent="."]
transform = Transform3D(1, 0, 0, 0, 1, 0, 0, 0, 1, 593, -80, 463)
mesh = SubResource("ImmediateMesh_atdwr")
script = ExtResource("10_nijo3")
material = ExtResource("5_6qukl")
bezier_handle_length = 8.0

[node name="ModTrackPathPoint" type="Node3D" parent="TrackPathAltRoute-3"]
transform = Transform3D(-4.37114e-08, 0, 1, 0, 1, 0, -1, 0, -4.37114e-08, 0, 0.11306, 0)
script = ExtResource("11_nojb1")

[node name="ModTrackPathPoint2" type="Node3D" parent="TrackPathAltRoute-3"]
transform = Transform3D(-4.37114e-08, 0, 1, 0, 1, 0, -1, 0, -4.37114e-08, 24, 0.215828, 9)
script = ExtResource("11_nojb1")

[node name="ModTrackPathPoint3" type="Node3D" parent="TrackPathAltRoute-3"]
transform = Transform3D(0.864415, 0.0684088, 0.498103, 3.72529e-09, 0.9907, -0.136061, -0.502779, 0.117614, 0.856377, 62.0085, -6.14648, 22.012)
script = ExtResource("11_nojb1")

[node name="ModTrackPathPoint4" type="Node3D" parent="TrackPathAltRoute-3"]
transform = Transform3D(0.998027, -0.0100206, -0.0619858, 0, 0.987184, -0.159588, 0.0627905, 0.159273, 0.985236, 78.0646, -11.6655, 55.5499)
script = ExtResource("11_nojb1")

[node name="ModTrackPathPoint5" type="Node3D" parent="TrackPathAltRoute-3"]
transform = Transform3D(0.725626, -0.0100206, -0.688016, -0.102415, 0.987184, -0.122391, 0.680424, 0.159273, 0.7153, 68.2789, -17.2738, 89.6942)
script = ExtResource("11_nojb1")

[node name="ModTrackPathPoint6" type="Node3D" parent="TrackPathAltRoute-3"]
transform = Transform3D(0.120137, -0.149309, -0.981465, -9.31323e-10, 0.988625, -0.150398, 0.992757, 0.0180684, 0.11877, 39.393, -22.6457, 108.138)
script = ExtResource("11_nojb1")

[node name="ModTrackPathPoint7" type="Node3D" parent="TrackPathAltRoute-3"]
transform = Transform3D(-0.657375, -0.113985, -0.744893, 0, 0.988494, -0.151261, 0.753563, -0.0994351, -0.649811, 0.449829, -28.5515, 101.847)
script = ExtResource("11_nojb1")

[node name="ModTrackPathPoint8" type="Node3D" parent="TrackPathAltRoute-3"]
transform = Transform3D(-0.999976, -0.00105599, -0.0069009, 0, 0.988494, -0.151261, 0.00698123, -0.151257, -0.98847, -22.4441, -35.2656, 66.6742)
script = ExtResource("11_nojb1")

[node name="ModTrackPathPoint9" type="Node3D" parent="TrackPathAltRoute-3"]
transform = Transform3D(-0.614285, 0.119357, 0.780005, 0, 0.988494, -0.151261, -0.789084, -0.0929173, -0.607217, -9.21655, -42.2549, 25.0859)
script = ExtResource("11_nojb1")

[node name="ModTrackPathPoint10" type="Node3D" parent="TrackPathAltRoute-3"]
transform = Transform3D(-0.15471, 0, 0.98796, 0, 1, 0, -0.98796, 0, -0.15471, 30.991, -47.9742, 6.54404)
script = ExtResource("11_nojb1")

[node name="ModTrackPathPoint11" type="Node3D" parent="TrackPathAltRoute-3"]
transform = Transform3D(-4.37114e-08, 0, 1, 0, 1, 0, -1, 0, -4.37114e-08, 56.0429, -47.7213, 1.1806)
script = ExtResource("11_nojb1")

[node name="Barriers" type="Node3D" parent="."]
unique_name_in_owner = true

[node name="barrier_arrow_block" parent="Barriers" instance=ExtResource("9_mg822")]
transform = Transform3D(-0.707107, 0, 0.707107, 0, 1, 0, -0.707107, 0, -0.707107, -6, 0, -141)

[node name="barrier_arrow_block5" parent="Barriers" instance=ExtResource("9_mg822")]
transform = Transform3D(0.740605, 0, 0.671941, 0, 1, 0, -0.671941, 0, 0.740605, -15.7295, -19, -13.2454)

[node name="barrier_arrow_block6" parent="Barriers" instance=ExtResource("9_mg822")]
transform = Transform3D(0.740605, 0, 0.671941, 0, 1, 0, -0.671941, 0, 0.740605, -19.2343, -19, -10.0655)

[node name="barrier_arrow_block7" parent="Barriers" instance=ExtResource("9_mg822")]
transform = Transform3D(-0.749511, 0, 0.661993, 0, 1, 0, -0.661993, 0, -0.749511, -55.0976, -19, 21.6681)

[node name="barrier_arrow_block8" parent="Barriers" instance=ExtResource("9_mg822")]
transform = Transform3D(-0.749511, 0, 0.661993, 0, 1, 0, -0.661993, 0, -0.749511, -51.6298, -19, 24.731)

[node name="barrier_arrow_block9" parent="Barriers" instance=ExtResource("9_mg822")]
transform = Transform3D(0.553988, 0, 0.832525, 0, 1, 0, -0.832525, 0, 0.553988, 19.2528, -19, 65.9334)

[node name="barrier_arrow_block10" parent="Barriers" instance=ExtResource("9_mg822")]
transform = Transform3D(0.553988, 0, 0.832525, 0, 1, 0, -0.832525, 0, 0.553988, 16.7896, -19, 69.6351)

[node name="barrier_arrow_block11" parent="Barriers" instance=ExtResource("9_mg822")]
transform = Transform3D(-0.710222, 0, 0.703978, 0, 1, 0, -0.703978, 0, -0.710222, -55.4533, -19, 145.635)

[node name="barrier_arrow_block12" parent="Barriers" instance=ExtResource("9_mg822")]
transform = Transform3D(-0.864468, 0, 0.502688, 0, 1, 0, -0.502688, 0, -0.864468, -51.8181, -19, 149.238)

[node name="barrier_arrow_block13" parent="Barriers" instance=ExtResource("9_mg822")]
transform = Transform3D(-0.412834, 0, -0.910806, 0, 1, 0, 0.910806, 0, -0.412834, 94.7534, -19, 134.103)

[node name="barrier_arrow_block14" parent="Barriers" instance=ExtResource("9_mg822")]
transform = Transform3D(-0.628072, 0, 0.778156, 0, 1, 0, -0.778156, 0, -0.628072, 103.626, -19, 112.763)

[node name="barrier_arrow_block3" parent="Barriers" instance=ExtResource("9_mg822")]
transform = Transform3D(-0.5, 0, 0.866025, 0, 1, 0, -0.866025, 0, -0.5, -1, 0, -136)

[node name="barrier_arrow_block4" parent="Barriers" instance=ExtResource("9_mg822")]
transform = Transform3D(-5.96046e-08, 0, 1, 0, 1, 0, -1, 0, -5.96046e-08, 1, 0, -130)

[node name="barrier_arrow_block15" parent="Barriers" instance=ExtResource("9_mg822")]
transform = Transform3D(-0.987164, 0, 0.159709, 0, 1, 0, -0.159709, 0, -0.987164, 262.536, -80, 195)

[node name="barrier_arrow_block25" parent="Barriers" instance=ExtResource("9_mg822")]
transform = Transform3D(-0.57382, 0, 0.818982, 0, 1, 0, -0.818982, 0, -0.57382, 335.093, -56, 199.413)

[node name="barrier_arrow_block26" parent="Barriers" instance=ExtResource("9_mg822")]
transform = Transform3D(-0.57382, 0, 0.818982, 0, 1, 0, -0.818982, 0, -0.57382, 331.076, -56, 193.68)

[node name="barrier_arrow_block27" parent="Barriers" instance=ExtResource("9_mg822")]
transform = Transform3D(-0.57382, 0, 0.818982, 0, 1, 0, -0.818982, 0, -0.57382, 406.285, -80, 337.437)

[node name="barrier_arrow_block28" parent="Barriers" instance=ExtResource("9_mg822")]
transform = Transform3D(-0.997924, 0, -0.0644104, 0, 1, 0, 0.0644104, 0, -0.997924, 395.027, -80, 347.204)

[node name="barrier_arrow_block29" parent="Barriers" instance=ExtResource("9_mg822")]
transform = Transform3D(-0.196066, 0, -0.980591, 0, 1, 0, 0.980591, 0, -0.196066, 450.06, -80, 341.906)

[node name="barrier_arrow_block31" parent="Barriers" instance=ExtResource("9_mg822")]
transform = Transform3D(-0.852303, 0, 0.523049, 0, 1, 0, -0.523049, 0, -0.852303, 453.372, -80, 320.506)

[node name="barrier_arrow_block30" parent="Barriers" instance=ExtResource("9_mg822")]
transform = Transform3D(-0.323141, 0, 0.946351, 0, 1, 0, -0.946351, 0, -0.323141, 450.175, -80, 345.879)

[node name="barrier_arrow_block32" parent="Barriers" instance=ExtResource("9_mg822")]
transform = Transform3D(-0.985101, 0, 0.171981, 0, 1, 0, -0.171981, 0, -0.985101, 484.547, -80, 473.443)

[node name="barrier_arrow_block34" parent="Barriers" instance=ExtResource("9_mg822")]
transform = Transform3D(-0.999704, 0, -0.0243275, 0, 1, 0, 0.0243275, 0, -0.999704, 496.74, -80, 476.588)

[node name="barrier_arrow_block35" parent="Barriers" instance=ExtResource("9_mg822")]
transform = Transform3D(-0.222587, 0, 0.974913, 0, 1, 0, -0.974913, 0, -0.222587, 615.017, -80, 465.846)

[node name="barrier_arrow_block36" parent="Barriers" instance=ExtResource("9_mg822")]
transform = Transform3D(-0.149622, 0, -0.988744, 0, 1, 0, 0.988744, 0, -0.149622, 614.98, -80, 462.477)

[node name="barrier_arrow_block37" parent="Barriers" instance=ExtResource("9_mg822")]
transform = Transform3D(-4.37114e-08, 0, 1, 0, 1, 0, -1, 0, -4.37114e-08, 741.116, -128, 463.371)

[node name="barrier_arrow_block39" parent="Barriers" instance=ExtResource("9_mg822")]
transform = Transform3D(-0.707107, 0, 0.707107, 0, 1, 0, -0.707107, 0, -0.707107, 737.581, -128, 458.078)

[node name="barrier_arrow_block40" parent="Barriers" instance=ExtResource("9_mg822")]
transform = Transform3D(-0.707107, 0, 0.707107, 0, 1, 0, -0.707107, 0, -0.707107, 731.924, -128, 455.249)

[node name="barrier_arrow_block38" parent="Barriers" instance=ExtResource("9_mg822")]
transform = Transform3D(-4.37114e-08, 0, 1, 0, 1, 0, -1, 0, -4.37114e-08, 741.116, -128, 469.371)

[node name="barrier_arrow_block33" parent="Barriers" instance=ExtResource("9_mg822")]
transform = Transform3D(-0.985101, 0, 0.171981, 0, 1, 0, -0.171981, 0, -0.985101, 476.292, -80, 472.001)

[node name="barrier_arrow_block16" parent="Barriers" instance=ExtResource("9_mg822")]
transform = Transform3D(0.986689, 0, 0.16262, 0, 1, 0, -0.16262, 0, 0.986689, 259.032, -80, 195)

[node name="barrier_arrow_block17" parent="Barriers" instance=ExtResource("9_mg822")]
transform = Transform3D(1, 0, 0, 0, 1, 0, 0, 0, 1, 224.552, -88, 236.89)

[node name="barrier_arrow_block18" parent="Barriers" instance=ExtResource("9_mg822")]
transform = Transform3D(0.5, 0, 0.866026, 0, 1, 0, -0.866026, 0, 0.5, 190.552, -88, 236.89)

[node name="barrier_arrow_block19" parent="Barriers" instance=ExtResource("9_mg822")]
transform = Transform3D(-0.965926, 0, 0.258819, 0, 1, 0, -0.258819, 0, -0.965926, 190.623, -88, 279.734)

[node name="barrier_arrow_block20" parent="Barriers" instance=ExtResource("9_mg822")]
transform = Transform3D(-0.232868, 0, 0.972508, 0, 1, 0, -0.972508, 0, -0.232868, 230.847, -88, 284.032)

[node name="barrier_arrow_block21" parent="Barriers" instance=ExtResource("9_mg822")]
transform = Transform3D(0.8791, 0, 0.476637, 0, 1, 0, -0.476637, 0, 0.8791, 231.392, -88, 302.375)

[node name="barrier_arrow_block22" parent="Barriers" instance=ExtResource("9_mg822")]
transform = Transform3D(0.284584, 0, 0.958651, 0, 1, 0, -0.958651, 0, 0.284584, 187.246, -88, 306.973)

[node name="barrier_arrow_block23" parent="Barriers" instance=ExtResource("9_mg822")]
transform = Transform3D(-0.85233, 0, 0.523004, 0, 1, 0, -0.523004, 0, -0.85233, 187.591, -88, 326.894)

[node name="barrier_arrow_block24" parent="Barriers" instance=ExtResource("9_mg822")]
transform = Transform3D(-0.687924, 0, 0.725783, 0, 1, 0, -0.725783, 0, -0.687924, 230.527, -88, 321.866)

[node name="barrier_railing" parent="Barriers" instance=ExtResource("10_vxhwc")]
transform = Transform3D(0.707107, 0, 0.707106, 0, 1, 0, -0.707106, 0, 0.707107, 9.5, -19, -9.5)
railing_type = 3

[node name="SpectatorCars" type="Node3D" parent="."]
unique_name_in_owner = true
transform = Transform3D(1, 0, 0, 0, 1, 0, 0, 0, 1, 0, 1.12657, 0)

[node name="OutOfBounds" type="Node3D" parent="."]
unique_name_in_owner = true

[node name="trigger" parent="OutOfBounds" instance=ExtResource("8_nfmkb")]
transform = Transform3D(1, 0, 0, 0, 1, 0, 0, 0, 1, 64, 4, -135)
mesh = SubResource("BoxMesh_5m8ao")
size = Vector3(50, 20, 150)

[node name="trigger3" parent="OutOfBounds" instance=ExtResource("8_nfmkb")]
transform = Transform3D(1, 0, 0, 0, 1, 0, 0, 0, 1, -103, 4, -135)
mesh = SubResource("BoxMesh_a0e0l")
size = Vector3(100, 20, 150)

[node name="trigger4" parent="OutOfBounds" instance=ExtResource("8_nfmkb")]
transform = Transform3D(1, 0, 0, 0, 1, 0, 0, 0, 1, -7, 11, -186)
mesh = SubResource("BoxMesh_qiyse")
size = Vector3(100, 20, 50)

[node name="trigger2" parent="OutOfBounds" instance=ExtResource("8_nfmkb")]
transform = Transform3D(1, 0, 0, 0, 1, 0, 0, 0, 1, 492, -96, 392)
mesh = SubResource("BoxMesh_yaiwd")
size = Vector3(100, 20, 300)

[node name="trigger5" parent="OutOfBounds" instance=ExtResource("8_nfmkb")]
transform = Transform3D(1, 0, 0, 0, 1, 0, 0, 0, 1, 465, -74, 255)
mesh = SubResource("BoxMesh_oem1k")
size = Vector3(75, 25, 75)

[node name="trigger6" parent="OutOfBounds" instance=ExtResource("8_nfmkb")]
transform = Transform3D(1, 0, 0, 0, 1, 0, 0, 0, 1, 507, -74, 541)
mesh = SubResource("BoxMesh_00dn5")
size = Vector3(75, 25, 75)

[node name="trigger7" parent="OutOfBounds" instance=ExtResource("8_nfmkb")]
transform = Transform3D(1, 0, 0, 0, 1, 0, 0, 0, 1, 749, -117, 391)
mesh = SubResource("BoxMesh_yiya5")
size = Vector3(75, 25, 75)

[node name="trigger8" parent="OutOfBounds" instance=ExtResource("8_nfmkb")]
transform = Transform3D(1, 0, 0, 0, 1, 0, 0, 0, 1, 749, -117, 597)
mesh = SubResource("BoxMesh_210pa")
size = Vector3(75, 25, 75)

[node name="trigger9" parent="OutOfBounds" instance=ExtResource("8_nfmkb")]
transform = Transform3D(1, 0, 0, 0, 1, 0, 0, 0, 1, 812, -117, 492)
mesh = SubResource("BoxMesh_b30jx")
size = Vector3(75, 25, 200)

[node name="ReverbTrigger" type="Node3D" parent="."]
transform = Transform3D(1, 0, 0, 0, 1, 0, 0, 0, 1, -8, 3, -8)
visible = false
script = ExtResource("10_nn3ty")
reverb_strength = 0.8

[node name="trigger" parent="ReverbTrigger" instance=ExtResource("8_nfmkb")]
mesh = SubResource("BoxMesh_ebvu3")
